36 18
-0.18930230669869547 -2.075797198704804 0.4434700595873713 -1.3953140206410592 -0.7495748599559744 -1.081718444187308 -0.15640755829418074 0.7077863501958903 -0.6917268707719074 -0.9266131013734707 0.35770335717778495 -1.1025287744945538 -0.6301547506692434 0.716781610543538 0.35169524379495676 -0.6861708211260025 0.8718342419899769 1.2230858563334783 
0.8576046964649306 0.3386875015805435 -0.8671422831709094 -0.27004414697000734 -0.26511030311325157 0.8398340970896758 0.6921026396083576 0.671847104896696 -0.7086885207070075 -0.4503523059171113 0.615559924652678 0.9935154078522886 -0.7259654774989623 0.37872689076160637 -0.7547684419344896 0.09326095898356523 -0.4269421436799964 0.38778566552002725 
-1.489811005934667 -1.0722757434983279 -0.9132821694280855 -0.12365717136067247 1.0416482969694567 -0.7008111184867588 -0.4138477847130696 1.0254100796926178 -2.4661679803261247 0.7111757412708322 -1.7704441277419694 0.3642837469702884 -0.5080130764046003 0.27412015611408247 -0.5681961898634189 -0.3090965564728395 -1.2660277257102308 -0.040195512266250746 
-0.1824463062270765 -0.7022654570334886 -0.48772203788024565 0.32103003227449295 1.7349017512719254 0.7876150349261165 -0.20922164198951887 0.15622668759465663 -2.5247132759611466 0.8018268572399907 -1.5332097291546378 0.7298698903914197 -0.043794537152177654 0.051604557103858785 -1.7666057664064139 -1.7006248254877347 -0.6961444988759179 1.3741221255790357 
0.28518952243697027 -1.9930366094106222 -0.0181866325837387 -1.4800044733022903 1.751012641433699 -0.454287217446512 -0.34957214414394155 1.0504392662343223 -0.9717365489663684 -0.09974837360871429 -1.4380582069739367 1.1185885864630625 -0.8143123159200889 -0.7924790956821764 -2.161306335689576 -0.7698354571171794 -1.6463495798702306 1.0278641377584528 
0.5673808160558018 -2.0698812117354777 0.7749070164905638 -2.3546285945990957 0.24375727341088663 0.002867381801645463 -0.8193781098119693 -0.9195969589384798 -1.8291632704388503 -0.9327226486874693 -2.339261408005511 0.9855070514751132 0.09116794817461568 -1.1336072588686583 -1.4494830262808223 -1.3016412349870294 -0.13840071828308745 3.546066788656089 
0.19617777225151725 -1.3533318551943183 0.2968733992211844 -2.137097154969197 -6.683985285166468E-5 -0.7431581249003374 -0.437341435546852 0.468284199909399 0.18055372006108758 0.03937775377428041 0.49695467199442134 -0.9814772396781104 0.3409631205492461 0.1362779493251522 -0.42804429637560837 1.336309284330745 1.3594567507615916 -0.16066434406215188 
-0.41463904946476593 0.2565602175695638 -0.028971377434132965 1.1073305800047313 -1.310508342554897 0.49988747453837756 -1.0927408807456251 -0.7775209132796302 1.04809594865291 0.7635752263948847 0.01937690399001066 -0.1044498190713204 -0.11175624852986926 -0.7221323479158938 -0.03735711703149166 1.4176542585656786 0.636073752356334 -0.9377505806693592 
0.12928732466897852 1.6672799530447848 -0.701329664791142 1.619005114645833 -0.7362401634523063 -0.3946529600280867 0.23587650732685747 -0.5751934521922017 0.3523261847152019 0.33080563038985905 0.6844574378651344 -0.956239751480237 -0.4528225516088389 0.48615214759844033 0.4994980345354898 0.1616396429422707 -1.020050895991101 -0.49112785429119155 
-0.5764926535367111 2.280465702210956 -0.574285465117006 1.5658345894079169 0.15698293817806683 -0.4342477948205833 0.9791395219091276 -0.02114360382585343 0.26487374986638224 0.7608150328447743 1.476519295987352 -1.154434111934949 -0.783611420698298 -0.5963347707361832 -0.4863865452735381 -0.359320459050064 -0.011960541403987463 -2.0359072437393264 
-0.778938283620546 -0.028679359150659896 0.2451829842649956 0.8582571605995221 -0.7395997285644696 -0.30085543371796286 -0.18521839422638145 0.25240362443258485 0.22545994981756198 1.2978087835646892 -0.4166193125833083 0.07472795445744876 -1.1452062181775997 0.2964223798095819 -0.7271048787062666 -0.1812693234470604 0.9853178610397362 -0.17384406418105733 
-1.1565963991347052 -2.107102024393975 1.0569781490451318 -2.33327759862723 0.26952633533629344 -0.7895891126719583 -1.062730612625714 0.5415618150621955 -0.9726281203068273 -1.5646929485001677 -3.2573588267783986 0.4685992729570656 0.5235801860674634 -0.13801931734203643 -1.0505987026402617 -0.49345173134248826 -0.14707897519357996 3.344139866284523 
-0.7617124350389999 0.556140699075649 -0.27604546234150745 0.3969580426858629 -0.8993457290061214 0.5410931397751049 -0.4774329045253961 0.42908421206196845 -0.469240772605239 0.12805390789901142 -0.6660601112807606 -0.07626716360413999 0.6870094745622526 -1.1752979536325612 -0.805892649411955 -0.056867270377078165 0.24707737224514612 0.14764396143720082 
0.16601890215754922 -0.6108222168597958 0.6471796501694094 0.5409997419360907 -0.468296335780276 -1.0687898645374694 -0.7915986929483485 -0.7969275571266592 -0.11965028096884645 0.6612306513527085 -0.7197855634704947 -0.5843592908692441 -0.12848725961854754 1.5147285158311683 -0.3101251394447134 -0.894790617470532 0.7351079782623203 -0.40153668754067434 
-0.14629528577010048 -2.2857740677219462 -0.33586212481335004 -0.8577237642072405 1.8055311398617153 1.182747075515492 -1.4969756728667891 -0.5807113433442984 -1.3895949058626051 -0.18921154833880177 -2.493845111734556 0.3091416326735033 0.5241688480711746 0.22727786858635643 -1.7723530922461403 -1.793796172559541 -0.8912322325689856 1.3602040100157156 
-1.3552680332674145 -2.295698997431882 -0.9078903967307872 -1.8576968311426485 0.9580585294069384 0.3978094370884516 -0.8615513753327142 4.44423002373103E-4 -1.2518524879955182 -0.43996008714007945 -0.9507269059879514 0.5583728131954002 0.6212566119650695 -0.8562710135494375 -0.8951777554294544 -0.8405224854295172 0.042237569252422974 0.782703886069124 
-1.0795302448364013 -2.1470045084658103 -0.2892774818824188 -2.567660664393095 0.07795336977492548 0.03461033899864119 -0.39227770647838434 0.47641347421638514 -2.6175366209722837 -0.871590577352055 -2.6106775973393104 0.33395453115245777 -0.8630300201286787 0.8954921316806739 -1.69873150078627 -0.5181314639226051 0.4535257341424521 0.7976889843657843 
-1.213008643048043 -1.5060184216090002 -0.5123696605744213 -2.0593886496605256 1.9086569591559666 1.0628694841711064 0.32070388113270654 -0.5824435007987953 -1.4251138137329893 -1.738896232735783 -2.1985639408492066 1.669202014250269 -0.5523942500013792 -0.02182785293342586 -0.6085794716273726 0.38818719257773426 -0.10174790285011684 2.333052169354751 
0.4507045565338478 -0.0025400718049402304 -0.5213221059165443 0.31759831832052066 -1.4032824452716366 -1.2817122870057327 -0.23627302050803858 -0.194295479876775 0.8920094641689454 0.7639722281560309 -0.09269681638637996 -0.7688328563530988 0.39943702560845695 -0.20284935305677476 -0.8633114864156344 0.8906561010155284 -0.9013632116001594 0.4271144184506418 
-0.4464251718534682 -0.5799169537740491 0.20004681248011574 -0.0051775991377728346 -0.02327072434966721 -0.8784165844995834 -0.701750073881314 0.16551271275784768 -0.9869829609696846 0.4555878401609567 0.7918971449427822 -0.028950944103264018 0.14371128340319358 0.28208822391134797 0.267523740844703 -0.032044391938326734 -0.16340192223050598 -0.5740261088640878 
-1.214410950348926 -1.2728505458504278 -0.751262992231682 -2.205301113237949 2.0322489768170557 0.30142733987175496 -1.3394351407476126 -0.7635803497815108 -0.7476630449276173 0.14947026914896822 -1.516211347479667 1.8689533453929055 0.04235076329762772 -0.8223384344304844 -1.700935003831919 0.04909401272738248 -1.5626767941995854 2.0906902063458443 
0.09067921052384388 -2.2685590752543923 0.7023824988421408 -1.3426446908513578 2.111945239309543 1.1333014689644545 -1.4241492870894215 0.33471389054978606 -1.1002952254702583 -1.4820262996740003 -1.5890869282596958 0.4649624266175164 0.4873607152152672 -1.2060763973026354 -1.3064938986613603 -0.8527764671137987 -0.49020553960024704 1.086565010480435 
-1.1544941654870235 -2.119385161956649 -0.21574165644557008 -1.788635241849281 0.5766418048084249 0.06131264480286928 -0.7506800077604333 -0.7483483047277467 -2.133550603235065 -0.3073509754995401 -1.9177609472771595 1.129703390877505 0.7724056184867454 1.0478203299709743 -0.15308874187645455 -1.7095011174403216 -0.6382745018585587 2.299504702017185 
-1.0441377718576945 -0.4173325904998955 0.17428421461134505 -1.165574058455959 1.3363322436451013 0.09747168242356807 -0.9525628235289826 0.9357361914947956 -1.0124195561694793 -1.4039706530997824 -0.36685734891458344 1.4899075076701753 -0.11505878238394572 0.37763392868807705 -0.5808753173550981 -0.4099011581239375 -0.33011767986917046 1.9803505341723264 
-0.3345985482851336 1.4704766193383985 0.33955339733595474 0.7431751112202151 0.5945953875562168 0.041038739235580504 1.2051224241134313 0.7852274250612726 0.5363848761651429 0.5735226753308094 0.763661404934067 -0.21542064471301411 -0.39746439674827827 0.7248581745632844 0.28341169181263665 -0.4086024087631129 -0.14480488472887784 -1.4569713234246142 
0.35891552447448405 1.533716532541033 0.40418182036973566 -0.21190762580785263 -0.064745431493137 0.4321067473212124 -0.19493584003971745 0.6506807982523664 -0.01044845750186476 1.3750232790797519 0.22047410088366384 0.5465668018104615 0.22153853077570063 0.372855282729253 0.5766835666572819 0.9180111522689195 0.5140129444949207 -0.8324320477011483 
0.799901110843343 -0.9314207011940798 0.13847030216768977 -1.7225211853192157 -0.42199514173590896 -0.6237979229484588 -0.02604664362565088 -0.5498756741746668 1.0360567074781684 -1.2229930827176776 0.5898623977880201 -0.14949520078301134 0.3630290817939565 -1.056444328176261 1.4303574121832008 -0.6927687225268624 0.24288379011121228 0.19243363191479404 
0.7795427122864508 -0.26262084809984443 0.8460095930371712 -1.668147260037458 0.2189949118321106 -0.7679221421177725 -1.7428927657626268 -0.7661361028349799 -0.11680184022094703 -0.45749788924668416 -0.08761152291107095 -0.6845580616493712 -0.16463275405018835 0.02500495047938496 0.6547009227172856 -0.2894568420280305 1.7113666615140752 -0.4360678415408203 
-0.5825268459010541 1.3346220785855538 0.8631164505284564 -0.2598845859087166 -1.1241774439113532 0.5450900569348985 0.5210623815273039 -0.9532001752169781 0.35896928098798575 -0.13044626697531075 -0.07176974323348137 -0.48537269475986394 -1.2605617493345354 -0.4025437503527693 0.3087429923468461 0.8279769241445377 -0.5386841391931614 -0.546345374023025 
-1.361010080064529 -0.46867173448097205 0.19513880550889073 -0.4946137558823145 0.5677118905806998 0.7091279457612866 -0.6609797869996329 -0.5839886186891535 -1.4657812797879617 -0.1545590051107693 -1.1026173583150292 0.7570704776261047 -1.1265378142771258 0.3583262477783248 -0.8008288054635403 -0.64559015430139 -1.5460929733125786 0.955802705674308 
-1.0453015882009775 1.5808849975148729 -0.7433541595659513 1.2592383161507434 -0.19633645185721024 -0.3927939083456848 0.8653520734001304 0.4949160717962106 0.5897269827482745 0.08917667206590729 -0.3474032670802378 0.20200879721886184 0.5706136112615666 0.11969805811393149 -0.5673336021156667 0.09836077139338963 0.5137311794216614 -0.8568518969495176 
-0.6788442877466496 0.8732259194296655 -0.6655927501101849 0.40860732262184296 0.45223062774781697 0.10005500141178847 -0.9182268793401518 -0.9475773135700354 -0.8834973241398056 -0.5550056792951511 -0.8365853957593883 -0.5115607199855914 0.13752935525019538 -0.9717534383446782 -0.842175312111599 -0.10821194476751184 -0.6706713456964488 0.2536265117393859 
0.6651366374172694 -3.733789473303274 0.27090489983813343 -3.826575277029458 0.972947693433124 1.1065513626889143 -2.0164103938456512 -0.34602072712289483 -0.7292089868310435 -1.5723258308679802 -3.1975399428180906 1.8788380063348853 0.8403897686106279 -1.0415835290083253 -1.9254317060096753 -0.8131446831206289 0.4359678657488509 1.5633933997761613 
-0.3239001179928353 -2.7618514296448384 0.7058982094189552 -2.4669967575851617 1.4169604156131708 0.7556226366274655 -0.9406891685136985 0.3241756233658262 -0.730874523819938 -0.7058976534059342 -3.250413816585934 0.1008956492551758 0.13365615195955016 -0.3603224538180948 -1.0076657568097511 -0.618940617223767 -1.144471304538418 3.548352350581869 
-0.5628370484990639 -2.284746207131754 -0.5330011320560704 -1.345831214274762 1.1645331398826861 -0.5847699952737457 -1.2030791132757817 0.19088912444848932 -1.829812268706589 -0.329461384453202 -1.768809417403329 1.7569805607635651 -0.1899470948109512 -0.7277232020085475 -1.9909830637765018 -0.4912238419962955 -0.848586474653115 1.3536972638006584 
-1.0813012862989262 -0.41344716271936677 -0.6206508573609189 -0.8807719224350198 1.7963511592532735 -0.5798903034849244 -0.20369701468902068 -0.47968409754135355 -2.5789245106443754 0.7351593861120507 -1.6555947057615175 0.9720431834308215 0.78889934672509 -0.24744437531759708 -0.7346458108727746 -1.6570583458840262 -1.5457763604385302 1.5744302689146863 
