10 5
1.20077603119845 1.3039088920513655 -0.4317838734969243 -0.45438887088671437 -0.6410910142453518 
0.7428865146838176 -0.8565230892125814 0.49076896091163846 -0.036903124683089386 0.2757263824130696 
-0.519351010001959 -0.346492777046189 0.31133302817331077 0.9594496622182489 0.37494655221078127 
-0.9847520838412158 -0.7219573394367143 -0.0707817341078903 -1.1951133110614252 -0.5920813691269264 
-0.40446524908517206 -0.49318404277360595 -0.9067252364795463 0.4246984991542207 0.9727686926253435 
0.7988284008908818 0.04957339479904552 0.8432110114481522 -0.03118505825045208 -0.2940678780228191 
-1.0139655961481517 1.1594753648643419 1.461185869424607 0.25966536050219646 -0.032442217272204754 
0.03982790229643657 0.14253094617078801 -0.9220971598017935 0.9963860151709578 -0.02733321706332975 
0.30458977989471514 -1.066326607596603 1.1784720345349844 0.40415953938320454 -0.39137561633223394 
0.6656054750641133 0.32606002189585154 -1.490694649938823 0.45901782067114694 0.8656004595846372 
