36 18
0.0 0.0 0.0 0.0 0.0 0.0 0.0 0.0 0.0 0.0 0.0 0.0 0.0 0.0 0.0 0.0 0.0 0.0 
0.0 0.0 0.0 0.0 0.0 0.0 0.0 0.0 0.0 0.0 0.0 0.0 0.0 0.0 0.0 0.0 0.0 0.0 
0.0 0.0 0.0 0.0 0.0 0.0 0.0 0.0 0.0 0.0 0.0 0.0 0.0 0.0 0.0 0.0 0.0 0.0 
0.0 0.0 0.0 0.0 0.0 0.0 0.0 0.0 0.0 0.0 0.0 0.0 0.0 0.0 0.0 0.0 0.0 0.0 
0.0 0.0 0.0 0.0 0.0 0.0 0.0 0.0 0.0 0.0 0.0 0.0 0.0 0.0 0.0 0.0 0.0 0.0 
0.0 0.0 0.0 0.0 0.0 0.0 0.0 0.0 0.0 0.0 0.0 0.0 0.0 0.0 0.0 0.0 0.0 0.0 
5.096821275060067E-4 0.0016467908689310254 -0.0026340840130539105 9.649682492972138E-4 0.0023630828601062946 1.6214313891186797E-4 9.574062206520954E-4 4.743953235305634E-4 7.867007508090957E-4 -6.302824455046641E-4 0.0014013675849865075 -4.7119936355369295E-4 -7.228732843383616E-4 8.247722714327212E-4 0.0014011174906635076 0.0021737911431153295 3.336401065209805E-4 -0.001964513752128023 
5.096821275060067E-4 0.0016467908689310254 -0.0026340840130539105 9.649682492972138E-4 0.0023630828601062946 1.6214313891186797E-4 9.574062206520954E-4 4.743953235305634E-4 7.867007508090957E-4 -6.302824455046641E-4 0.0014013675849865075 -4.7119936355369295E-4 -7.228732843383616E-4 8.247722714327212E-4 0.0014011174906635076 0.0021737911431153295 3.336401065209805E-4 -0.001964513752128023 
5.096821275060067E-4 0.0016467908689310254 -0.0026340840130539105 9.649682492972138E-4 0.0023630828601062946 1.6214313891186797E-4 9.574062206520954E-4 4.743953235305634E-4 7.867007508090957E-4 -6.302824455046641E-4 0.0014013675849865075 -4.7119936355369295E-4 -7.228732843383616E-4 8.247722714327212E-4 0.0014011174906635076 0.0021737911431153295 3.336401065209805E-4 -0.001964513752128023 
5.096821275060067E-4 0.0016467908689310254 -0.0026340840130539105 9.649682492972138E-4 0.0023630828601062946 1.6214313891186797E-4 9.574062206520954E-4 4.743953235305634E-4 7.867007508090957E-4 -6.302824455046641E-4 0.0014013675849865075 -4.7119936355369295E-4 -7.228732843383616E-4 8.247722714327212E-4 0.0014011174906635076 0.0021737911431153295 3.336401065209805E-4 -0.001964513752128023 
5.096821275060067E-4 0.0016467908689310254 -0.0026340840130539105 9.649682492972138E-4 0.0023630828601062946 1.6214313891186797E-4 9.574062206520954E-4 4.743953235305634E-4 7.867007508090957E-4 -6.302824455046641E-4 0.0014013675849865075 -4.7119936355369295E-4 -7.228732843383616E-4 8.247722714327212E-4 0.0014011174906635076 0.0021737911431153295 3.336401065209805E-4 -0.001964513752128023 
0.0 0.0 0.0 0.0 0.0 0.0 0.0 0.0 0.0 0.0 0.0 0.0 0.0 0.0 0.0 0.0 0.0 0.0 
0.0 0.0 0.0 0.0 0.0 0.0 0.0 0.0 0.0 0.0 0.0 0.0 0.0 0.0 0.0 0.0 0.0 0.0 
0.0 0.0 0.0 0.0 0.0 0.0 0.0 0.0 0.0 0.0 0.0 0.0 0.0 0.0 0.0 0.0 0.0 0.0 
0.0 0.0 0.0 0.0 0.0 0.0 0.0 0.0 0.0 0.0 0.0 0.0 0.0 0.0 0.0 0.0 0.0 0.0 
0.0 0.0 0.0 0.0 0.0 0.0 0.0 0.0 0.0 0.0 0.0 0.0 0.0 0.0 0.0 0.0 0.0 0.0 
0.0 0.0 0.0 0.0 0.0 0.0 0.0 0.0 0.0 0.0 0.0 0.0 0.0 0.0 0.0 0.0 0.0 0.0 
5.096821275060067E-4 0.0016467908689310254 -0.0026340840130539105 9.649682492972138E-4 0.0023630828601062946 1.6214313891186797E-4 9.574062206520954E-4 4.743953235305634E-4 7.867007508090957E-4 -6.302824455046641E-4 0.0014013675849865075 -4.7119936355369295E-4 -7.228732843383616E-4 8.247722714327212E-4 0.0014011174906635076 0.0021737911431153295 3.336401065209805E-4 -0.001964513752128023 
0.0 0.0 0.0 0.0 0.0 0.0 0.0 0.0 0.0 0.0 0.0 0.0 0.0 0.0 0.0 0.0 0.0 0.0 
0.0 0.0 0.0 0.0 0.0 0.0 0.0 0.0 0.0 0.0 0.0 0.0 0.0 0.0 0.0 0.0 0.0 0.0 
0.0 0.0 0.0 0.0 0.0 0.0 0.0 0.0 0.0 0.0 0.0 0.0 0.0 0.0 0.0 0.0 0.0 0.0 
0.0 0.0 0.0 0.0 0.0 0.0 0.0 0.0 0.0 0.0 0.0 0.0 0.0 0.0 0.0 0.0 0.0 0.0 
0.0 0.0 0.0 0.0 0.0 0.0 0.0 0.0 0.0 0.0 0.0 0.0 0.0 0.0 0.0 0.0 0.0 0.0 
5.096821275060067E-4 0.0016467908689310254 -0.0026340840130539105 9.649682492972138E-4 0.0023630828601062946 1.6214313891186797E-4 9.574062206520954E-4 4.743953235305634E-4 7.867007508090957E-4 -6.302824455046641E-4 0.0014013675849865075 -4.7119936355369295E-4 -7.228732843383616E-4 8.247722714327212E-4 0.0014011174906635076 0.0021737911431153295 3.336401065209805E-4 -0.001964513752128023 
5.096821275060067E-4 0.0016467908689310254 -0.0026340840130539105 9.649682492972138E-4 0.0023630828601062946 1.6214313891186797E-4 9.574062206520954E-4 4.743953235305634E-4 7.867007508090957E-4 -6.302824455046641E-4 0.0014013675849865075 -4.7119936355369295E-4 -7.228732843383616E-4 8.247722714327212E-4 0.0014011174906635076 0.0021737911431153295 3.336401065209805E-4 -0.001964513752128023 
5.096821275060067E-4 0.0016467908689310254 -0.0026340840130539105 9.649682492972138E-4 0.0023630828601062946 1.6214313891186797E-4 9.574062206520954E-4 4.743953235305634E-4 7.867007508090957E-4 -6.302824455046641E-4 0.0014013675849865075 -4.7119936355369295E-4 -7.228732843383616E-4 8.247722714327212E-4 0.0014011174906635076 0.0021737911431153295 3.336401065209805E-4 -0.001964513752128023 
5.096821275060067E-4 0.0016467908689310254 -0.0026340840130539105 9.649682492972138E-4 0.0023630828601062946 1.6214313891186797E-4 9.574062206520954E-4 4.743953235305634E-4 7.867007508090957E-4 -6.302824455046641E-4 0.0014013675849865075 -4.7119936355369295E-4 -7.228732843383616E-4 8.247722714327212E-4 0.0014011174906635076 0.0021737911431153295 3.336401065209805E-4 -0.001964513752128023 
5.096821275060067E-4 0.0016467908689310254 -0.0026340840130539105 9.649682492972138E-4 0.0023630828601062946 1.6214313891186797E-4 9.574062206520954E-4 4.743953235305634E-4 7.867007508090957E-4 -6.302824455046641E-4 0.0014013675849865075 -4.7119936355369295E-4 -7.228732843383616E-4 8.247722714327212E-4 0.0014011174906635076 0.0021737911431153295 3.336401065209805E-4 -0.001964513752128023 
5.096821275060067E-4 0.0016467908689310254 -0.0026340840130539105 9.649682492972138E-4 0.0023630828601062946 1.6214313891186797E-4 9.574062206520954E-4 4.743953235305634E-4 7.867007508090957E-4 -6.302824455046641E-4 0.0014013675849865075 -4.7119936355369295E-4 -7.228732843383616E-4 8.247722714327212E-4 0.0014011174906635076 0.0021737911431153295 3.336401065209805E-4 -0.001964513752128023 
0.0 0.0 0.0 0.0 0.0 0.0 0.0 0.0 0.0 0.0 0.0 0.0 0.0 0.0 0.0 0.0 0.0 0.0 
0.0 0.0 0.0 0.0 0.0 0.0 0.0 0.0 0.0 0.0 0.0 0.0 0.0 0.0 0.0 0.0 0.0 0.0 
0.0 0.0 0.0 0.0 0.0 0.0 0.0 0.0 0.0 0.0 0.0 0.0 0.0 0.0 0.0 0.0 0.0 0.0 
0.0 0.0 0.0 0.0 0.0 0.0 0.0 0.0 0.0 0.0 0.0 0.0 0.0 0.0 0.0 0.0 0.0 0.0 
0.0 0.0 0.0 0.0 0.0 0.0 0.0 0.0 0.0 0.0 0.0 0.0 0.0 0.0 0.0 0.0 0.0 0.0 
0.0 0.0 0.0 0.0 0.0 0.0 0.0 0.0 0.0 0.0 0.0 0.0 0.0 0.0 0.0 0.0 0.0 0.0 
0.0 0.0 0.0 0.0 0.0 0.0 0.0 0.0 0.0 0.0 0.0 0.0 0.0 0.0 0.0 0.0 0.0 0.0 
