18 5
1.331645762253638E-6 -2.749168497568651E-6 -9.470781890261544E-7 -3.3681551301964903E-6 4.6084164923323765E-6 
6.596562123739574E-5 -1.361853226803212E-4 -4.691533054088486E-5 -1.6684801009790923E-4 2.2828673019083528E-4 
6.360011271356227E-5 -1.3130175551945153E-4 -4.5232960054392494E-5 -1.6086488763703086E-4 2.2010043260104828E-4 
8.815813215668416E-7 -1.8200152518000318E-6 -6.269883967458459E-7 -2.2297991966689395E-6 3.0508818612280357E-6 
4.824786152777007E-5 -9.960719640839124E-5 -3.431430386018962E-5 -1.2203416774349045E-4 1.6697101217673098E-4 
2.565622360272901E-5 -5.296700045500948E-5 -1.8246932086353576E-5 -6.489273919420978E-5 8.878830041233104E-5 
8.270341943464712E-6 -1.7074032884402527E-5 -5.881939996705914E-6 -2.091832185026261E-5 2.8621110275595634E-5 
9.460556518936736E-6 -1.9531218202739084E-5 -6.728431080628182E-6 -2.392875258345273E-5 3.27400769216029E-5 
4.235334240325575E-5 -8.743802443730652E-5 -3.0122069967463312E-5 -1.0712505648279414E-4 1.4657189409460065E-4 
2.383646586024622E-5 -4.921012997139551E-5 -1.6952704359979708E-5 -6.028999381717703E-5 8.249067845443538E-5 
1.2945371611079491E-5 -2.6725581856145804E-5 -9.206862252122383E-6 -3.2742956903468545E-5 4.479995034933855E-5 
2.39258083126422E-5 -4.939457651309957E-5 -1.701624549863444E-5 -6.051596925892858E-5 8.279986520871924E-5 
8.186898792319079E-7 -1.6901765387317413E-6 -5.822594493033902E-7 -2.070726761528702E-6 2.8332339188860878E-6 
1.3633117435549752E-5 -2.8145425788039683E-5 -9.695993136936128E-6 -3.44824845561083E-5 4.718002716095072E-5 
4.176298367837989E-5 -8.621923513560304E-5 -2.970220164521146E-5 -1.0563185174005403E-4 1.4452884408743812E-4 
5.524840674526079E-5 -1.1405974747209121E-4 -3.9293153246948664E-5 -1.3974077032266255E-4 1.9119774645552632E-4 
6.097254380983214E-5 -1.258771674945546E-4 -4.336420991871477E-5 -1.5421893123187863E-4 2.1100722462192567E-4 
3.5050467383998886E-5 -7.236131671689552E-5 -2.492820096418046E-5 -8.86537657998529E-5 1.2129888934052157E-4 
